2563974
2564687
2566668
2566715
2566746
2566857
2568290
2569134
2569353
2569862
2570089
2570459
2570867
2571199
2571668
2572737
2573036
2573349
2573480
2573490
2573517
2573544
2573601
2573732
2573981
2574157
2574164
2574172
2574337
2574442
2574456
2574502
2574504
2580433
2581958
2582458
2583374
2583673
2584288
2584584
2585340
2586067
2586400
2586558
2586753
2587514
2587731
2589356
2590374
2590442
2591207
2591464
2591969
2592326
2592448
2593663
2594128
2594231
2594732
2594735
2595598
2595926
2596263
2596399
2596969
2598158
2598486
2599431
2599814
2600061
2600811
2601277
2601300
2601577
2602067
2602382
2602626
2602668
2602887
2603814
2603880
2604035
2604587
2604873
2604956
2605492
2605972
2607471
2607574
2607658
2609624
2609678
2609685
2609979
2610013
2611126
2611132
2611943
2612377
2612960
2612977
2613466
2613691
2614066
2614703
2616112
2616701
2616920
2617194
2617482
2617667
2617674
2617738
2618885
2619240
2620108
2620300
2620483
2620633
2620670
2621213
2621426
2622915
2622931
2625031
2625337
2625629
2625738
2626418
2626883
2627577
2627669
2627821
2627872
2628158
2629336
2629721
2630024
2630361
2630557
2631081
2631128
2632458
2632470
2633394
2634222
2634302
2634348
2634543
2635896
2636833
2637187
2637839
2637896
2638638
2638784
2639063
2639302
2639887
2640103
2640568
2641401
2641852
2641933
2642698
2642848
2643122
2643942
2644433
2644580
2644726
2645451
2648019
2648686
2648829
2666037
1630570
2556266
2556568
2557253
2557999
2558483
2559235
2562130
2562184
2562235
2562285
2562296
2562349
2562931
2564997
2566302
2566692
2567243
2567653
2568154
2568368
2568454
2568456
2568500
2569280
2569296
2570409
2570774
2570785
2570811
2571244
2571362
2571683
2575746
2577743
2579443
2583553
2583596
2584638
2594308
2597525
2598014
2603631
2604403
2609630
2611147
2615675
2619814
2620829
2621021
2621149
2621787
2622052
2623799
2624548
2626714
2628999
2629540
2631344
2632541
2632975
2633534
2635214
2635941
2640539
2643873
2644057
2644349
2647950
2672218
2676043
2677525
2677595
2678255
2678584
2679110
2679435
2680259
2683399
2684146
2685150
2685631
2688719
2611325
2622727
2630834
3627562
3626626
3627160
3627936